0.0,0.043,0.003,0.216,0.066,0.071,0.572,0.001,0.0,0.007,0.003,0.002,0.001,0.001,0.0,0.0
0.051,0.249,0.003,0.044,0.006,0.0,0.022,0.125,0.436,0.022,0.003,0.06,0.06,0.006,0.001,0.0
0.824,0.774,0.424,0.104,0.376,0.0,0.828,0.066,0.352,0.439,0.582,0.007,0.37,0.001,0.0,0.025
0.828,0.306,0.61,0.875,0.441,0.17,0.016,0.097,0.123,0.035,0.045,0.005,0.004,0.043,0.004,0.074
0.062,0.759,0.21,0.087,0.001,0.359,0.343,0.035,0.03,0.233,0.199,0.0,0.336,0.082,0.004,0.002
0.0,0.001,0.561,0.003,0.002,0.315,0.221,0.0,0.037,0.038,0.0,0.091,0.0,0.005,0.0,0.001
0.675,0.443,0.365,0.327,0.077,0.01,0.537,0.001,0.226,0.356,0.021,0.0,0.015,0.0,0.001,0.002
0.001,0.166,0.316,0.016,0.579,0.858,0.48,0.017,0.0,0.341,0.096,0.006,0.029,0.005,0.002,0.051
0.039,0.084,0.508,0.006,0.0,0.146,0.022,0.006,0.0,0.006,0.0,0.01,0.0,0.586,0.0,0.008
0.418,0.462,0.266,0.172,0.386,0.013,0.061,0.004,0.351,0.003,0.313,0.29,0.003,0.03,0.0,0.0
0.008,0.087,0.009,0.265,0.317,0.001,0.131,0.169,0.021,0.605,0.001,0.017,0.0,0.001,0.0,0.141
0.002,0.286,0.098,0.002,0.172,0.989,0.585,0.428,0.001,0.094,0.005,0.001,0.01,0.005,0.019,0.002
0.337,0.068,0.376,0.998,0.131,0.739,0.986,0.584,0.107,0.514,0.481,0.018,0.117,0.233,0.001,0.004
0.467,0.475,0.379,0.418,0.437,0.142,0.691,0.066,0.01,0.019,0.132,0.002,0.021,0.044,0.014,0.024
0.0,0.002,0.077,0.071,0.001,0.0,0.003,0.0,0.005,0.0,0.561,0.0,0.0,0.0,0.0,0.0
0.003,0.029,0.292,0.649,0.04,0.037,0.422,0.019,0.3,0.0,0.235,0.0,0.052,0.004,0.007,0.0
0.004,0.252,0.315,0.582,0.142,0.001,0.023,0.048,0.491,0.003,0.109,0.032,0.0,0.0,0.001,0.036
0.018,0.508,0.354,0.928,0.481,0.588,0.268,0.214,0.067,0.024,0.045,0.327,0.726,0.466,0.013,0.509
0.052,0.666,0.003,0.45,0.087,0.134,0.23,0.098,0.878,0.008,0.088,0.0,0.0,0.0,0.007,0.002
0.0,0.001,0.294,0.048,0.054,0.353,0.177,0.001,0.003,0.028,0.002,0.0,0.0,0.001,0.0,0.0
