0.535,0.529,0.417,0.807,0.875,0.246,0.108,0.373,0.189,0.931,0.179,0.081,0.011,0.277,0.074,0.638
0.003,0.806,0.334,0.367,0.999,0.272,0.025,0.677,0.081,0.019,0.312,0.01,0.023,0.251,0.257,0.042
0.362,0.214,0.962,0.473,0.148,0.751,0.333,0.015,0.003,0.518,0.217,0.319,0.213,0.011,0.767,0.713
0.388,0.372,0.883,0.847,0.336,0.316,0.857,0.899,0.975,0.122,0.113,0.851,0.826,0.014,0.084,0.003
0.016,0.299,0.128,0.387,0.767,0.058,0.003,0.0,0.002,0.124,0.15,0.365,0.037,0.641,0.015,0.071
0.568,0.044,0.791,0.671,0.587,0.944,0.079,0.08,0.037,0.0,0.782,0.008,0.011,0.118,0.206,0.097
0.0,0.25,0.033,0.963,0.752,0.012,0.052,0.004,0.003,0.053,0.076,0.252,0.025,0.019,0.004,0.006
0.802,0.984,0.701,0.473,0.592,0.679,0.207,0.676,0.551,0.709,0.015,0.437,0.061,0.085,0.207,0.089
0.001,0.018,0.108,0.198,0.292,0.41,0.098,0.281,0.298,0.232,0.251,0.394,0.55,0.021,0.004,0.016
0.335,0.513,0.395,0.492,0.157,0.102,0.091,0.786,0.512,0.204,0.355,0.006,0.624,0.147,0.475,0.548
0.107,0.0,0.425,0.984,0.559,0.521,0.02,0.672,0.008,0.013,0.007,0.001,0.478,0.085,0.624,0.0
0.324,0.933,0.029,0.042,0.64,0.011,0.342,0.468,0.177,0.138,0.582,0.132,0.001,0.001,0.0,0.005
0.212,0.517,0.324,0.997,0.845,0.661,0.105,0.007,0.867,0.43,0.242,0.528,0.089,0.806,0.508,0.357
0.571,0.115,0.852,0.938,0.582,0.79,0.953,0.672,0.054,0.643,0.894,0.975,0.955,0.301,0.034,0.04
0.629,0.634,0.602,0.439,0.57,0.441,0.428,0.818,0.723,0.772,0.09,0.221,0.016,0.408,0.37,0.027
0.651,0.881,0.421,0.252,0.076,0.565,0.91,0.468,0.35,0.133,0.61,0.996,0.458,0.739,0.019,0.248
0.189,0.09,0.489,0.103,0.177,0.267,0.06,0.804,0.248,0.507,0.169,0.831,0.001,0.857,0.045,0.668
0.05,0.376,0.798,0.55,0.191,0.05,0.155,0.934,0.0,0.619,0.001,0.0,0.039,0.106,0.397,0.018
0.019,0.0,0.611,0.056,0.0,0.896,0.78,0.005,0.028,0.116,0.164,0.02,0.432,0.0,0.093,0.527
0.279,0.015,0.837,0.037,0.782,0.003,0.986,0.253,0.788,0.889,0.797,0.131,0.909,0.514,0.038,0.007
