0.006,0.141,0.359,0.209,0.153,0.01,0.133,0.007,0.004,0.001,0.059,0.0,0.0,0.001,0.0,0.0
0.0,0.013,0.012,0.133,0.0,0.001,0.009,0.001,0.0,0.0,0.0,0.0,0.0,0.0,0.0,0.0
0.158,0.064,0.256,0.95,0.018,0.081,0.032,0.0,0.041,0.003,0.003,0.002,0.0,0.0,0.0,0.0
0.315,0.204,0.69,0.289,0.157,0.004,0.009,0.0,0.0,0.008,0.0,0.001,0.0,0.0,0.0,0.0
0.0,0.023,0.012,0.554,0.009,0.045,0.008,0.0,0.0,0.004,0.0,0.0,0.0,0.0,0.0,0.0
0.02,0.047,0.874,0.217,0.134,0.152,0.001,0.018,0.0,0.0,0.002,0.0,0.0,0.0,0.0,0.0
0.027,0.195,0.28,0.188,0.013,0.002,0.013,0.0,0.0,0.001,0.0,0.0,0.0,0.0,0.0,0.0
0.049,0.271,0.126,0.656,0.051,0.003,0.032,0.001,0.0,0.007,0.175,0.003,0.0,0.0,0.0,0.0
0.0,0.016,0.004,0.02,0.008,0.014,0.003,0.0,0.004,0.058,0.013,0.0,0.0,0.0,0.0,0.0
0.664,0.84,0.304,0.778,0.085,0.356,0.049,0.0,0.001,0.097,0.026,0.0,0.0,0.0,0.0,0.0
0.0,0.003,0.094,0.132,0.021,0.001,0.03,0.0,0.003,0.003,0.003,0.0,0.0,0.0,0.0,0.0
0.281,0.93,0.043,0.666,0.048,0.036,0.007,0.002,0.007,0.0,0.008,0.0,0.0,0.0,0.0,0.0
0.844,0.65,0.619,0.081,0.118,0.086,0.12,0.001,0.002,0.009,0.002,0.0,0.0,0.0,0.0,0.0
0.085,0.387,0.105,0.772,0.011,0.002,0.007,0.207,0.01,0.082,0.0,0.004,0.0,0.0,0.0,0.0
0.336,0.771,0.969,0.544,0.132,0.087,0.102,0.03,0.015,0.254,0.001,0.006,0.011,0.0,0.0,0.0
0.0,0.145,0.024,0.266,0.007,0.037,0.002,0.01,0.0,0.028,0.0,0.0,0.0,0.0,0.0,0.0
0.0,0.059,0.576,0.254,0.001,0.018,0.0,0.0,0.0,0.0,0.0,0.0,0.0,0.0,0.0,0.0
0.483,0.888,0.337,0.416,0.0,0.001,0.0,0.12,0.004,0.001,0.001,0.0,0.0,0.0,0.0,0.0
0.0,0.027,0.053,0.117,0.001,0.016,0.0,0.001,0.0,0.025,0.002,0.003,0.0,0.0,0.0,0.0
0.132,0.03,0.047,0.042,0.009,0.123,0.023,0.0,0.008,0.029,0.001,0.0,0.079,0.0,0.0,0.0
