0.346,0.14,0.009,0.002,0.381,0.298,0.269,0.172,0.183,0.018,0.696,0.665,0.321,0.801,0.485,0.19,0.736,0.268,0.023,0.021,0.02,0.319,0.076,0.036,0.04,0.112,0.417,0.093,0.129,0.039,0.028,0.063,0.003,0.035,0.004,0.042,0.018,0.013,0.001,0.016,0.004,0.0,0.748,0.084,0.014,0.225,0.037,0.001,0.009,0.017,0.06,0.009,0.005,0.001,0.009,0.0,0.0,0.001,0.001,0.0,0.0,0.0,0.0,0.001,0.0,0.0,0.004,0.0,0.0,0.001,0.0,0.0,0.0,0.0,0.0
0.586,0.166,0.029,0.03,0.265,0.904,0.038,0.049,0.054,0.381,0.554,0.422,0.17,0.945,0.806,0.311,0.336,0.257,0.002,0.122,0.393,0.14,0.108,0.087,0.605,0.454,0.031,0.122,0.072,0.083,0.032,0.077,0.001,0.02,0.0,0.003,0.016,0.642,0.002,0.001,0.004,0.0,0.166,0.011,0.005,0.033,0.0,0.001,0.001,0.0,0.0,0.013,0.0,0.0,0.0,0.009,0.0,0.024,0.001,0.0,0.0,0.0,0.002,0.0,0.0,0.004,0.0,0.0,0.0,0.0,0.0,0.0,0.0,0.0,0.0
0.086,0.798,0.42,0.228,0.57,0.773,0.115,0.143,0.367,0.311,0.439,0.517,0.37,0.637,0.529,0.294,0.253,0.202,0.44,0.533,0.022,0.017,0.123,0.003,0.192,0.0,0.09,0.008,0.007,0.026,0.005,0.014,0.014,0.077,0.02,0.492,0.009,0.002,0.022,0.037,0.044,0.004,0.009,0.012,0.007,0.106,0.0,0.009,0.002,0.004,0.12,0.003,0.004,0.001,0.0,0.0,0.0,0.001,0.039,0.0,0.0,0.0,0.008,0.0,0.0,0.001,0.0,0.0,0.0,0.0,0.0,0.0,0.0,0.0,0.0
0.392,0.267,0.088,0.02,0.094,0.138,0.387,0.167,0.01,0.32,0.034,0.993,0.373,0.556,0.397,0.438,0.623,0.245,0.329,0.009,0.035,0.035,0.098,0.018,0.196,0.014,0.031,0.089,0.074,0.041,0.002,0.032,0.006,0.012,0.004,0.0,0.001,0.011,0.004,0.004,0.018,0.006,0.011,0.003,0.122,0.3,0.043,0.348,0.182,0.038,0.003,0.0,0.0,0.0,0.0,0.0,0.001,0.0,0.0,0.0,0.001,0.0,0.003,0.0,0.0,0.0,0.0,0.0,0.0,0.0,0.0,0.0,0.0,0.0,0.0
0.095,0.103,0.002,0.008,0.062,0.104,0.089,0.226,0.127,0.036,0.154,0.847,0.554,0.512,0.816,0.753,0.294,0.177,0.076,0.103,0.007,0.001,0.034,0.009,0.042,0.155,0.028,0.117,0.004,0.033,0.001,0.004,0.101,0.046,0.057,0.0,0.011,0.007,0.003,0.0,0.021,0.0,0.018,0.035,0.009,0.033,0.047,0.0,0.001,0.005,0.003,0.002,0.001,0.034,0.0,0.0,0.035,0.053,0.0,0.0,0.0,0.0,0.0,0.0,0.0,0.0,0.0,0.0,0.0,0.0,0.0,0.001,0.0,0.0,0.0
0.199,0.127,0.027,0.004,0.142,0.14,0.146,0.443,0.112,0.742,0.571,0.233,0.994,0.404,0.543,0.344,0.258,0.071,0.112,0.092,0.152,0.012,0.011,0.206,0.017,0.268,0.004,0.258,0.07,0.002,0.005,0.021,0.146,0.019,0.001,0.004,0.001,0.001,0.001,0.003,0.003,0.002,0.008,0.065,0.008,0.105,0.028,0.02,0.102,0.009,0.016,0.001,0.037,0.015,0.0,0.0,0.002,0.0,0.0,0.0,0.0,0.001,0.0,0.0,0.0,0.0,0.0,0.0,0.0,0.0,0.0,0.0,0.0,0.0,0.0
0.001,0.005,0.0,0.001,0.052,0.007,0.041,0.041,0.033,0.03,0.385,0.426,0.225,0.717,0.851,0.254,0.072,0.174,0.004,0.07,0.073,0.138,0.146,0.005,0.034,0.032,0.134,0.167,0.039,0.002,0.041,0.012,0.006,0.001,0.06,0.0,0.0,0.043,0.004,0.0,0.02,0.002,0.019,0.009,0.003,0.0,0.018,0.014,0.0,0.258,0.0,0.013,0.0,0.001,0.0,0.002,0.0,0.004,0.0,0.0,0.0,0.0,0.0,0.0,0.0,0.0,0.0,0.0,0.0,0.0,0.0,0.0,0.0,0.0,0.0
0.332,0.47,0.155,0.041,0.967,0.543,0.502,0.274,0.149,0.96,0.995,0.99,0.116,0.329,0.943,0.277,0.178,0.603,0.521,0.109,0.071,0.227,0.159,0.196,0.154,0.161,0.108,0.15,0.05,0.076,0.029,0.351,0.001,0.034,0.077,0.003,0.004,0.0,0.001,0.001,0.059,0.008,0.236,0.004,0.0,0.05,0.017,0.306,0.723,0.018,0.064,0.004,0.003,0.0,0.004,0.001,0.0,0.0,0.0,0.0,0.0,0.0,0.0,0.0,0.0,0.0,0.0,0.0,0.0,0.0,0.0,0.0,0.0,0.0,0.0
0.011,0.018,0.009,0.001,0.496,0.051,0.306,0.467,0.277,0.276,0.822,0.124,0.622,0.874,0.272,0.66,0.077,0.011,0.12,0.412,0.017,0.267,0.633,0.033,0.047,0.004,0.003,0.212,0.112,0.06,0.106,0.146,0.003,0.003,0.023,0.011,0.004,0.001,0.0,0.002,0.011,0.062,0.014,0.005,0.006,0.0,0.0,0.003,0.0,0.011,0.003,0.0,0.006,0.006,0.0,0.001,0.0,0.0,0.0,0.0,0.0,0.0,0.0,0.0,0.003,0.0,0.001,0.0,0.0,0.0,0.0,0.0,0.0,0.0,0.0
0.001,0.003,0.009,0.0,0.177,0.086,0.134,0.576,0.059,0.012,0.232,0.301,0.989,0.755,0.482,0.028,0.192,0.372,0.035,0.0,0.018,0.002,0.049,0.038,0.215,0.001,0.049,0.01,0.007,0.003,0.015,0.061,0.0,0.013,0.0,0.005,0.0,0.014,0.004,0.002,0.0,0.001,0.0,0.008,0.0,0.006,0.036,0.008,0.03,0.0,0.0,0.006,0.0,0.0,0.0,0.0,0.0,0.0,0.0,0.0,0.0,0.0,0.0,0.0,0.0,0.0,0.0,0.0,0.0,0.0,0.0,0.0,0.0,0.0,0.0
0.724,0.542,0.041,0.02,0.181,0.177,0.237,0.328,0.419,0.279,0.034,0.74,0.833,0.495,0.911,0.073,0.182,0.764,0.416,0.834,0.04,0.183,0.047,0.336,0.095,0.084,0.04,0.063,0.074,0.01,0.008,0.005,0.003,0.06,0.006,0.005,0.012,0.021,0.055,0.073,0.0,0.024,0.0,0.003,0.042,0.008,0.037,0.023,0.018,0.059,0.159,0.044,0.0,0.001,0.0,0.006,0.0,0.005,0.0,0.001,0.0,0.0,0.0,0.0,0.0,0.0,0.0,0.0,0.001,0.0,0.0,0.001,0.0,0.001,0.0
0.031,0.008,0.002,0.001,0.039,0.385,0.11,0.487,0.311,0.005,0.24,0.58,0.468,0.195,0.208,0.048,0.395,0.337,0.011,0.354,0.001,0.018,0.005,0.218,0.001,0.097,0.004,0.129,0.016,0.02,0.141,0.1,0.01,0.0,0.002,0.003,0.0,0.0,0.01,0.053,0.004,0.0,0.009,0.008,0.0,0.027,0.007,0.0,0.011,0.066,0.001,0.002,0.0,0.115,0.0,0.0,0.0,0.0,0.0,0.0,0.0,0.001,0.0,0.0,0.0,0.0,0.003,0.0,0.0,0.0,0.0,0.0,0.0,0.0,0.0
0.624,0.213,0.063,0.047,0.099,0.071,0.099,0.551,0.417,0.131,0.307,0.275,0.767,0.266,0.801,0.474,0.244,0.055,0.219,0.102,0.105,0.201,0.235,0.024,0.672,0.0,0.187,0.268,0.001,0.148,0.07,0.002,0.021,0.212,0.022,0.005,0.017,0.009,0.014,0.001,0.001,0.0,0.005,0.002,0.005,0.0,0.112,0.562,0.053,0.034,0.004,0.012,0.057,0.001,0.006,0.005,0.0,0.004,0.0,0.002,0.017,0.0,0.0,0.0,0.0,0.014,0.0,0.0,0.0,0.0,0.0,0.0,0.0,0.0,0.0
0.774,0.254,0.052,0.007,0.578,0.091,0.223,0.079,0.452,0.041,0.748,0.29,0.791,0.807,0.888,0.7,0.418,0.475,0.051,0.004,0.031,0.008,0.021,0.185,0.112,0.173,0.002,0.284,0.123,0.012,0.009,0.052,0.078,0.015,0.011,0.021,0.003,0.0,0.039,0.009,0.104,0.004,0.004,0.004,0.2,0.077,0.002,0.0,0.001,0.04,0.036,0.002,0.002,0.001,0.0,0.0,0.001,0.0,0.0,0.0,0.004,0.0,0.0,0.0,0.0,0.0,0.0,0.0,0.0,0.003,0.0,0.0,0.0,0.0,0.0
0.0,0.006,0.003,0.0,0.021,0.243,0.01,0.001,0.033,0.07,0.398,0.269,0.542,0.746,0.924,0.845,0.183,0.01,0.012,0.0,0.06,0.043,0.009,0.046,0.0,0.061,0.057,0.037,0.007,0.129,0.017,0.043,0.0,0.0,0.023,0.0,0.002,0.005,0.0,0.019,0.01,0.002,0.0,0.073,0.001,0.006,0.002,0.002,0.003,0.0,0.004,0.001,0.0,0.019,0.0,0.0,0.002,0.0,0.0,0.0,0.0,0.0,0.0,0.0,0.0,0.0,0.0,0.002,0.0,0.0,0.001,0.0,0.0,0.0,0.0
0.053,0.104,0.079,0.005,0.39,0.07,0.251,0.301,0.202,0.423,0.962,0.513,0.589,0.858,0.805,0.728,0.011,0.267,0.081,0.028,0.137,0.033,0.131,0.226,0.037,0.015,0.013,0.474,0.037,0.163,0.268,0.161,0.039,0.135,0.39,0.004,0.0,0.001,0.0,0.004,0.0,0.008,0.002,0.03,0.008,0.005,0.001,0.041,0.002,0.024,0.077,0.001,0.009,0.002,0.0,0.0,0.0,0.0,0.001,0.0,0.0,0.0,0.0,0.008,0.0,0.0,0.0,0.0,0.0,0.0,0.0,0.0,0.0,0.0,0.0
0.744,0.247,0.079,0.01,0.751,0.993,0.188,0.355,0.974,0.261,0.749,0.346,0.562,0.383,0.939,0.082,0.221,0.041,0.089,0.09,0.002,0.008,0.306,0.037,0.17,0.039,0.109,0.989,0.138,0.049,0.121,0.056,0.001,0.065,0.013,0.003,0.072,0.011,0.195,0.012,0.064,0.001,0.542,0.003,0.002,0.213,0.063,0.56,0.0,0.0,0.003,0.011,0.033,0.003,0.0,0.001,0.0,0.022,0.0,0.008,0.0,0.002,0.0,0.0,0.0,0.001,0.0,0.006,0.0,0.0,0.0,0.0,0.0,0.0,0.0
0.214,0.09,0.016,0.0,0.158,0.184,0.926,0.353,0.227,0.653,0.913,0.229,0.827,0.653,0.553,0.908,0.052,0.071,0.012,0.671,0.022,0.01,0.14,0.187,0.072,0.203,0.113,0.04,0.059,0.036,0.71,0.02,0.08,0.001,0.0,0.001,0.003,0.002,0.011,0.001,0.0,0.001,0.728,0.003,0.002,0.004,0.006,0.126,0.013,0.032,0.015,0.013,0.005,0.0,0.0,0.0,0.001,0.0,0.0,0.0,0.0,0.001,0.0,0.0,0.0,0.0,0.0,0.0,0.0,0.0,0.0,0.0,0.0,0.0,0.0
0.385,0.105,0.011,0.029,0.144,0.503,0.194,0.61,0.132,0.117,0.151,0.692,0.197,0.299,0.863,0.968,0.239,0.382,0.142,0.016,0.002,0.012,0.731,0.329,0.005,0.073,0.132,0.237,0.112,0.439,0.063,0.145,0.116,0.005,0.017,0.003,0.0,0.081,0.023,0.022,0.065,0.003,0.005,0.189,0.001,0.001,0.013,0.036,0.004,0.01,0.003,0.0,0.0,0.003,0.0,0.0,0.003,0.0,0.0,0.0,0.0,0.0,0.0,0.0,0.001,0.0,0.0,0.0,0.0,0.0,0.0,0.0,0.0,0.007,0.0
0.004,0.226,0.791,0.749,0.984,0.419,0.793,0.665,0.271,0.916,0.547,0.894,0.657,0.859,0.655,0.834,0.043,0.889,0.959,0.208,0.387,0.04,0.035,0.038,0.07,0.051,0.034,0.041,0.419,0.025,0.463,0.175,0.006,0.058,0.002,0.025,0.001,0.022,0.032,0.003,0.165,0.19,0.148,0.003,0.003,0.019,0.564,0.01,0.134,0.001,0.003,0.001,0.0,0.019,0.004,0.005,0.0,0.0,0.0,0.0,0.0,0.0,0.001,0.0,0.0,0.004,0.001,0.0,0.0,0.001,0.0,0.0,0.0,0.0,0.0
0.695,0.348,0.042,0.031,0.455,0.476,0.455,0.328,0.386,0.034,0.571,0.551,0.642,0.377,0.801,0.897,0.233,0.194,0.729,0.348,0.24,0.076,0.888,0.466,0.047,0.849,0.28,0.008,0.042,0.155,0.227,0.451,0.002,0.1,0.004,0.003,0.003,0.005,0.071,0.004,0.002,0.077,0.003,0.076,0.025,0.004,0.21,0.0,0.019,0.029,0.003,0.02,0.028,0.001,0.001,0.0,0.003,0.001,0.0,0.0,0.0,0.0,0.0,0.0,0.009,0.001,0.0,0.0,0.0,0.0,0.0,0.0,0.0,0.0,0.001
0.004,0.021,0.001,0.005,0.08,0.148,0.022,0.076,0.649,0.017,0.804,0.804,0.577,0.751,0.499,0.105,0.179,0.405,0.081,0.005,0.549,0.025,0.012,0.03,0.183,0.107,0.201,0.074,0.141,0.031,0.158,0.007,0.002,0.025,0.007,0.0,0.001,0.775,0.05,0.092,0.005,0.227,0.0,0.007,0.004,0.007,0.001,0.001,0.002,0.106,0.0,0.0,0.0,0.011,0.0,0.003,0.0,0.0,0.0,0.0,0.0,0.0,0.005,0.0,0.006,0.0,0.0,0.0,0.0,0.0,0.0,0.0,0.0,0.0,0.0
0.282,0.88,0.353,0.071,0.712,0.623,0.214,0.362,0.694,0.325,0.812,0.21,0.507,0.454,0.738,0.31,0.095,0.096,0.09,0.014,0.012,0.333,0.887,0.015,0.39,0.004,0.155,0.444,0.013,0.049,0.136,0.106,0.124,0.012,0.235,0.002,0.014,0.009,0.002,0.007,0.013,0.003,0.123,0.001,0.002,0.026,0.118,0.141,0.007,0.164,0.187,0.002,0.001,0.001,0.046,0.02,0.0,0.001,0.0,0.003,0.015,0.0,0.0,0.003,0.0,0.0,0.0,0.0,0.0,0.0,0.0,0.0,0.0,0.0,0.0
0.653,0.558,0.106,0.046,0.925,0.165,0.212,0.119,0.841,0.967,0.435,0.563,0.711,0.208,0.612,0.708,0.713,0.124,0.259,0.155,0.005,0.306,0.008,0.068,0.078,0.011,0.433,0.008,0.421,0.057,0.107,0.002,0.228,0.007,0.028,0.0,0.001,0.002,0.033,0.019,0.002,0.012,0.017,0.039,0.061,0.003,0.023,0.539,0.147,0.002,0.0,0.019,0.0,0.0,0.003,0.0,0.0,0.0,0.001,0.0,0.0,0.001,0.0,0.0,0.0,0.0,0.0,0.0,0.0,0.0,0.0,0.0,0.0,0.0,0.0
0.013,0.021,0.001,0.0,0.142,0.193,0.022,0.022,0.2,0.105,0.22,0.049,0.292,0.421,0.224,0.012,0.61,0.129,0.166,0.025,0.033,0.033,0.005,0.05,0.161,0.08,0.002,0.106,0.025,0.005,0.235,0.0,0.006,0.008,0.001,0.001,0.004,0.003,0.003,0.035,0.002,0.01,0.0,0.084,0.002,0.001,0.025,0.018,0.0,0.149,0.009,0.0,0.0,0.003,0.0,0.004,0.0,0.0,0.0,0.001,0.0,0.0,0.0,0.0,0.004,0.0,0.0,0.0,0.0,0.0,0.0,0.0,0.0,0.0,0.0
