0.548,0.739,0.404,0.524,0.124,0.02,0.262,0.189,0.002,0.035,0.007,0.004,0.005,0.079,0.0,0.0
0.048,0.064,0.598,0.017,0.001,0.207,0.535,0.002,0.062,0.172,0.373,0.0,0.015,0.0,0.0,0.0
0.0,0.018,0.001,0.906,0.166,0.007,0.219,0.547,0.102,0.106,0.008,0.031,0.0,0.0,0.037,0.0
0.616,0.107,0.177,0.031,0.137,0.047,0.169,0.001,0.081,0.001,0.015,0.022,0.0,0.001,0.0,0.0
0.07,0.172,0.11,0.122,0.882,0.169,0.139,0.001,0.098,0.01,0.026,0.023,0.005,0.0,0.0,0.041
0.0,0.001,0.004,0.013,0.004,0.0,0.008,0.002,0.015,0.018,0.0,0.003,0.0,0.0,0.0,0.0
0.735,0.33,0.919,0.174,0.004,0.009,0.001,0.125,0.207,0.058,0.051,0.0,0.004,0.0,0.0,0.0
0.416,0.771,0.17,0.09,0.752,0.001,0.36,0.002,0.044,0.0,0.013,0.001,0.001,0.0,0.0,0.0
0.297,0.146,0.104,0.136,0.133,0.077,0.043,0.199,0.132,0.0,0.025,0.001,0.0,0.0,0.041,0.0
0.009,0.061,0.171,0.015,0.001,0.048,0.01,0.011,0.0,0.015,0.003,0.001,0.003,0.0,0.001,0.0
0.278,0.869,0.083,0.278,0.269,0.222,0.189,0.069,0.773,0.073,0.011,0.0,0.005,0.001,0.0,0.0
0.573,0.904,0.137,0.661,0.072,0.44,0.553,0.001,0.076,0.349,0.001,0.005,0.0,0.0,0.0,0.0
0.039,0.376,0.466,0.076,0.013,0.002,0.002,0.163,0.005,0.001,0.007,0.0,0.016,0.0,0.0,0.0
0.005,0.066,0.435,0.305,0.114,0.103,0.081,0.0,0.015,0.045,0.0,0.005,0.0,0.006,0.0,0.0
0.0,0.003,0.041,0.331,0.001,0.004,0.005,0.006,0.0,0.005,0.001,0.0,0.015,0.002,0.0,0.0
0.231,0.003,0.073,0.219,0.029,0.053,0.008,0.003,0.001,0.012,0.077,0.0,0.0,0.0,0.0,0.0
0.03,0.132,0.92,0.396,0.035,0.094,0.218,0.0,0.042,0.009,0.002,0.049,0.003,0.0,0.0,0.0
0.0,0.014,0.196,0.291,0.0,0.002,0.017,0.134,0.0,0.124,0.005,0.004,0.0,0.0,0.001,0.0
0.561,0.235,0.926,0.18,0.383,0.026,0.077,0.103,0.116,0.016,0.085,0.006,0.011,0.001,0.001,0.029
0.024,0.203,0.613,0.127,0.156,0.004,0.018,0.002,0.039,0.177,0.002,0.05,0.026,0.0,0.0,0.0
