0.522,0.966,0.237,0.175,0.398,0.095,0.287,0.12,0.138,0.767,0.11,0.02,0.0,0.0,0.0,0.0
0.151,0.667,0.25,0.376,0.071,0.046,0.69,0.612,0.002,0.357,0.004,0.0,0.001,0.0,0.0,0.0
0.0,0.344,0.031,0.377,0.187,0.001,0.13,0.011,0.614,0.001,0.0,0.011,0.001,0.0,0.0,0.0
0.0,0.3,0.21,0.387,0.008,0.348,0.113,0.002,0.0,0.266,0.0,0.0,0.0,0.0,0.0,0.0
0.003,0.065,0.18,0.006,0.753,0.02,0.025,0.0,0.006,0.006,0.002,0.0,0.0,0.0,0.0,0.0
0.044,0.997,0.812,0.096,0.082,0.086,0.066,0.171,0.231,0.054,0.001,0.0,0.0,0.0,0.0,0.0
0.21,0.137,0.884,0.198,0.15,0.233,0.006,0.175,0.105,0.012,0.0,0.0,0.026,0.0,0.0,0.0
0.831,0.804,0.574,0.867,0.197,0.002,0.523,0.276,0.02,0.274,0.098,0.001,0.0,0.0,0.0,0.0
0.716,0.02,0.038,0.013,0.121,0.002,0.175,0.012,0.021,0.0,0.0,0.0,0.0,0.0,0.0,0.0
0.082,0.006,0.001,0.717,0.455,0.118,0.126,0.011,0.053,0.013,0.015,0.0,0.001,0.001,0.0,0.0
0.488,0.004,0.051,0.904,0.058,0.645,0.083,0.204,0.004,0.001,0.176,0.002,0.024,0.0,0.0,0.0
0.002,0.079,0.707,0.252,0.142,0.637,0.134,0.044,0.002,0.002,0.667,0.001,0.004,0.0,0.0,0.0
0.005,0.016,0.991,0.459,0.569,0.076,0.005,0.021,0.001,0.008,0.001,0.0,0.01,0.0,0.0,0.0
0.436,0.419,0.032,0.004,0.065,0.791,0.006,0.02,0.0,0.005,0.009,0.0,0.002,0.0,0.0,0.0
0.0,0.225,0.048,0.053,0.001,0.033,0.001,0.0,0.004,0.002,0.0,0.0,0.004,0.0,0.0,0.0
0.063,0.731,0.46,0.116,0.133,0.207,0.031,0.302,0.005,0.196,0.004,0.001,0.0,0.0,0.0,0.0
0.128,0.695,0.007,0.916,0.848,0.006,0.666,0.03,0.001,0.228,0.0,0.001,0.004,0.0,0.0,0.0
0.0,0.372,0.606,0.43,0.963,0.475,0.168,0.0,0.019,0.0,0.001,0.0,0.0,0.0,0.0,0.0
0.223,0.392,0.837,0.271,0.086,0.096,0.032,0.003,0.506,0.013,0.003,0.0,0.0,0.0,0.0,0.0
0.001,0.134,0.155,0.089,0.057,0.987,0.009,0.0,0.337,0.067,0.004,0.009,0.0,0.0,0.0,0.0
